Url,name
https://dataverse.nl/file.xhtml?fileId=251145&version=1.0,mp2rageme_001_inv1_te1.h5
https://dataverse.nl/file.xhtml?fileId=251134&version=1.0,mp2rageme_001_inv2_te1.h5
https://dataverse.nl/file.xhtml?fileId=251137&version=1.0,mp2rageme_001_inv2_te2.h5
https://dataverse.nl/file.xhtml?fileId=251139&version=1.0,mp2rageme_001_inv2_te3.h5
https://dataverse.nl/file.xhtml?fileId=251142&version=1.0,mp2rageme_001_inv2_te4.h5
https://dataverse.nl/file.xhtml?fileId=251161&version=1.0,mp2rageme_002_inv1_te1.h5
https://dataverse.nl/file.xhtml?fileId=251150&version=1.0,mp2rageme_002_inv2_te1.h5
https://dataverse.nl/file.xhtml?fileId=251153&version=1.0,mp2rageme_002_inv2_te2.h5
https://dataverse.nl/file.xhtml?fileId=251155&version=1.0,mp2rageme_002_inv2_te3.h5
https://dataverse.nl/file.xhtml?fileId=251158&version=1.0,mp2rageme_002_inv2_te4.h5
https://dataverse.nl/file.xhtml?fileId=251175&version=1.0,mp2rageme_003_inv1_te1.h5
https://dataverse.nl/file.xhtml?fileId=251164&version=1.0,mp2rageme_003_inv2_te1.h5
https://dataverse.nl/file.xhtml?fileId=251167&version=1.0,mp2rageme_003_inv2_te2.h5
https://dataverse.nl/file.xhtml?fileId=251170&version=1.0,mp2rageme_003_inv2_te3.h5
https://dataverse.nl/file.xhtml?fileId=251173&version=1.0,mp2rageme_003_inv2_te4.h5
https://dataverse.nl/file.xhtml?fileId=251189&version=1.0,mp2rageme_004_inv1_te1.h5
https://dataverse.nl/file.xhtml?fileId=251178&version=1.0,mp2rageme_004_inv2_te1.h5
https://dataverse.nl/file.xhtml?fileId=251181&version=1.0,mp2rageme_004_inv2_te2.h5
https://dataverse.nl/file.xhtml?fileId=251184&version=1.0,mp2rageme_004_inv2_te3.h5
https://dataverse.nl/file.xhtml?fileId=251187&version=1.0,mp2rageme_004_inv2_te4.h5
https://dataverse.nl/file.xhtml?fileId=251204&version=1.0,mp2rageme_005_inv1_te1.h5
https://dataverse.nl/file.xhtml?fileId=251192&version=1.0,mp2rageme_005_inv2_te1.h5
https://dataverse.nl/file.xhtml?fileId=251195&version=1.0,mp2rageme_005_inv2_te2.h5
https://dataverse.nl/file.xhtml?fileId=251198&version=1.0,mp2rageme_005_inv2_te3.h5
https://dataverse.nl/file.xhtml?fileId=251201&version=1.0,mp2rageme_005_inv2_te4.h5
https://dataverse.nl/file.xhtml?fileId=251218&version=1.0,mp2rageme_006_inv1_te1.h5
https://dataverse.nl/file.xhtml?fileId=251206&version=1.0,mp2rageme_006_inv2_te1.h5
https://dataverse.nl/file.xhtml?fileId=251209&version=1.0,mp2rageme_006_inv2_te2.h5
https://dataverse.nl/file.xhtml?fileId=251212&version=1.0,mp2rageme_006_inv2_te3.h5
https://dataverse.nl/file.xhtml?fileId=251215&version=1.0,mp2rageme_006_inv2_te4.h5
https://dataverse.nl/file.xhtml?fileId=251232&version=1.0,mp2rageme_007_inv1_te1.h5
https://dataverse.nl/file.xhtml?fileId=251220&version=1.0,mp2rageme_007_inv2_te1.h5
https://dataverse.nl/file.xhtml?fileId=251223&version=1.0,mp2rageme_007_inv2_te2.h5
https://dataverse.nl/file.xhtml?fileId=251226&version=1.0,mp2rageme_007_inv2_te3.h5
https://dataverse.nl/file.xhtml?fileId=251229&version=1.0,mp2rageme_007_inv2_te4.h5
https://dataverse.nl/file.xhtml?fileId=251247&version=1.0,mp2rageme_008_inv1_te1.h5
https://dataverse.nl/file.xhtml?fileId=251235&version=1.0,mp2rageme_008_inv2_te1.h5
https://dataverse.nl/file.xhtml?fileId=251238&version=1.0,mp2rageme_008_inv2_te2.h5
https://dataverse.nl/file.xhtml?fileId=251240&version=1.0,mp2rageme_008_inv2_te3.h5
https://dataverse.nl/file.xhtml?fileId=251244&version=1.0,mp2rageme_008_inv2_te4.h5
https://dataverse.nl/file.xhtml?fileId=251261&version=1.0,mp2rageme_009_inv1_te1.h5
https://dataverse.nl/file.xhtml?fileId=251250&version=1.0,mp2rageme_009_inv2_te1.h5
https://dataverse.nl/file.xhtml?fileId=251252&version=1.0,mp2rageme_009_inv2_te2.h5
https://dataverse.nl/file.xhtml?fileId=251255&version=1.0,mp2rageme_009_inv2_te3.h5
https://dataverse.nl/file.xhtml?fileId=251258&version=1.0,mp2rageme_009_inv2_te4.h5
https://dataverse.nl/file.xhtml?fileId=251275&version=1.0,mp2rageme_010_inv1_te1.h5
https://dataverse.nl/file.xhtml?fileId=251264&version=1.0,mp2rageme_010_inv2_te1.h5
https://dataverse.nl/file.xhtml?fileId=251267&version=1.0,mp2rageme_010_inv2_te2.h5
https://dataverse.nl/file.xhtml?fileId=251269&version=1.0,mp2rageme_010_inv2_te3.h5
https://dataverse.nl/file.xhtml?fileId=251272&version=1.0,mp2rageme_010_inv2_te4.h5
https://dataverse.nl/file.xhtml?fileId=251290&version=1.0,mp2rageme_011_inv1_te1.h5
https://dataverse.nl/file.xhtml?fileId=251278&version=1.0,mp2rageme_011_inv2_te1.h5
https://dataverse.nl/file.xhtml?fileId=251281&version=1.0,mp2rageme_011_inv2_te2.h5
https://dataverse.nl/file.xhtml?fileId=251284&version=1.0,mp2rageme_011_inv2_te3.h5
https://dataverse.nl/file.xhtml?fileId=251287&version=1.0,mp2rageme_011_inv2_te4.h5
https://dataverse.nl/file.xhtml?fileId=251304&version=1.0,mp2rageme_012_inv1_te1.h5
https://dataverse.nl/file.xhtml?fileId=251292&version=1.0,mp2rageme_012_inv2_te1.h5
https://dataverse.nl/file.xhtml?fileId=251295&version=1.0,mp2rageme_012_inv2_te2.h5
https://dataverse.nl/file.xhtml?fileId=251298&version=1.0,mp2rageme_012_inv2_te3.h5
https://dataverse.nl/file.xhtml?fileId=251301&version=1.0,mp2rageme_012_inv2_te4.h5
https://dataverse.nl/file.xhtml?fileId=251318&version=1.0,mp2rageme_013_inv1_te1.h5
https://dataverse.nl/file.xhtml?fileId=251307&version=1.0,mp2rageme_013_inv2_te1.h5
https://dataverse.nl/file.xhtml?fileId=251310&version=1.0,mp2rageme_013_inv2_te2.h5
https://dataverse.nl/file.xhtml?fileId=251313&version=1.0,mp2rageme_013_inv2_te3.h5
https://dataverse.nl/file.xhtml?fileId=251316&version=1.0,mp2rageme_013_inv2_te4.h5
https://dataverse.nl/file.xhtml?fileId=251333&version=1.0,mp2rageme_014_inv1_te1.h5
https://dataverse.nl/file.xhtml?fileId=251321&version=1.0,mp2rageme_014_inv2_te1.h5
https://dataverse.nl/file.xhtml?fileId=251324&version=1.0,mp2rageme_014_inv2_te2.h5
https://dataverse.nl/file.xhtml?fileId=251327&version=1.0,mp2rageme_014_inv2_te3.h5
https://dataverse.nl/file.xhtml?fileId=251331&version=1.0,mp2rageme_014_inv2_te4.h5
https://dataverse.nl/file.xhtml?fileId=251348&version=1.0,mp2rageme_015_inv1_te1.h5
https://dataverse.nl/file.xhtml?fileId=251336&version=1.0,mp2rageme_015_inv2_te1.h5
https://dataverse.nl/file.xhtml?fileId=251339&version=1.0,mp2rageme_015_inv2_te2.h5
https://dataverse.nl/file.xhtml?fileId=251342&version=1.0,mp2rageme_015_inv2_te3.h5
https://dataverse.nl/file.xhtml?fileId=251345&version=1.0,mp2rageme_015_inv2_te4.h5
https://dataverse.nl/file.xhtml?fileId=251362&version=1.0,mp2rageme_016_inv1_te1.h5
https://dataverse.nl/file.xhtml?fileId=251351&version=1.0,mp2rageme_016_inv2_te1.h5
https://dataverse.nl/file.xhtml?fileId=251354&version=1.0,mp2rageme_016_inv2_te2.h5
https://dataverse.nl/file.xhtml?fileId=251356&version=1.0,mp2rageme_016_inv2_te3.h5
https://dataverse.nl/file.xhtml?fileId=251359&version=1.0,mp2rageme_016_inv2_te4.h5
https://dataverse.nl/file.xhtml?fileId=251376&version=1.0,mp2rageme_017_inv1_te1.h5
https://dataverse.nl/file.xhtml?fileId=251365&version=1.0,mp2rageme_017_inv2_te1.h5
https://dataverse.nl/file.xhtml?fileId=251368&version=1.0,mp2rageme_017_inv2_te2.h5
https://dataverse.nl/file.xhtml?fileId=251371&version=1.0,mp2rageme_017_inv2_te3.h5
https://dataverse.nl/file.xhtml?fileId=251373&version=1.0,mp2rageme_017_inv2_te4.h5
https://dataverse.nl/file.xhtml?fileId=251390&version=1.0,mp2rageme_018_inv1_te1.h5
https://dataverse.nl/file.xhtml?fileId=251379&version=1.0,mp2rageme_018_inv2_te1.h5
https://dataverse.nl/file.xhtml?fileId=251382&version=1.0,mp2rageme_018_inv2_te2.h5
https://dataverse.nl/file.xhtml?fileId=251384&version=1.0,mp2rageme_018_inv2_te3.h5
https://dataverse.nl/file.xhtml?fileId=251387&version=1.0,mp2rageme_018_inv2_te4.h5
https://dataverse.nl/file.xhtml?fileId=251404&version=1.0,mp2rageme_019_inv1_te1.h5
https://dataverse.nl/file.xhtml?fileId=251393&version=1.0,mp2rageme_019_inv2_te1.h5
https://dataverse.nl/file.xhtml?fileId=251396&version=1.0,mp2rageme_019_inv2_te2.h5
https://dataverse.nl/file.xhtml?fileId=251399&version=1.0,mp2rageme_019_inv2_te3.h5
https://dataverse.nl/file.xhtml?fileId=251402&version=1.0,mp2rageme_019_inv2_te4.h5
https://dataverse.nl/file.xhtml?fileId=251420&version=1.0,mp2rageme_020_inv1_te1.h5
https://dataverse.nl/file.xhtml?fileId=251407&version=1.0,mp2rageme_020_inv2_te1.h5
https://dataverse.nl/file.xhtml?fileId=251410&version=1.0,mp2rageme_020_inv2_te2.h5
https://dataverse.nl/file.xhtml?fileId=251413&version=1.0,mp2rageme_020_inv2_te3.h5
https://dataverse.nl/file.xhtml?fileId=251416&version=1.0,mp2rageme_020_inv2_te4.h5
https://dataverse.nl/file.xhtml?fileId=251435&version=1.0,mp2rageme_021_inv1_te1.h5
https://dataverse.nl/file.xhtml?fileId=251424&version=1.0,mp2rageme_021_inv2_te1.h5
https://dataverse.nl/file.xhtml?fileId=251427&version=1.0,mp2rageme_021_inv2_te2.h5
https://dataverse.nl/file.xhtml?fileId=251430&version=1.0,mp2rageme_021_inv2_te3.h5
https://dataverse.nl/file.xhtml?fileId=251432&version=1.0,mp2rageme_021_inv2_te4.h5
https://dataverse.nl/file.xhtml?fileId=251449&version=1.0,mp2rageme_022_inv1_te1.h5
https://dataverse.nl/file.xhtml?fileId=251438&version=1.0,mp2rageme_022_inv2_te1.h5
https://dataverse.nl/file.xhtml?fileId=251440&version=1.0,mp2rageme_022_inv2_te2.h5
https://dataverse.nl/file.xhtml?fileId=251443&version=1.0,mp2rageme_022_inv2_te3.h5
https://dataverse.nl/file.xhtml?fileId=251446&version=1.0,mp2rageme_022_inv2_te4.h5
https://dataverse.nl/file.xhtml?fileId=251462&version=1.0,mp2rageme_023_inv1_te1.h5
https://dataverse.nl/file.xhtml?fileId=251451&version=1.0,mp2rageme_023_inv2_te1.h5
https://dataverse.nl/file.xhtml?fileId=251454&version=1.0,mp2rageme_023_inv2_te2.h5
https://dataverse.nl/file.xhtml?fileId=251457&version=1.0,mp2rageme_023_inv2_te3.h5
https://dataverse.nl/file.xhtml?fileId=251460&version=1.0,mp2rageme_023_inv2_te4.h5
https://dataverse.nl/file.xhtml?fileId=251476&version=1.0,mp2rageme_024_inv1_te1.h5
https://dataverse.nl/file.xhtml?fileId=251465&version=1.0,mp2rageme_024_inv2_te1.h5
https://dataverse.nl/file.xhtml?fileId=251468&version=1.0,mp2rageme_024_inv2_te2.h5
https://dataverse.nl/file.xhtml?fileId=251471&version=1.0,mp2rageme_024_inv2_te3.h5
https://dataverse.nl/file.xhtml?fileId=251473&version=1.0,mp2rageme_024_inv2_te4.h5
https://dataverse.nl/file.xhtml?fileId=251490&version=1.0,mp2rageme_025_inv1_te1.h5
https://dataverse.nl/file.xhtml?fileId=251479&version=1.0,mp2rageme_025_inv2_te1.h5
https://dataverse.nl/file.xhtml?fileId=251482&version=1.0,mp2rageme_025_inv2_te2.h5
https://dataverse.nl/file.xhtml?fileId=251484&version=1.0,mp2rageme_025_inv2_te3.h5
https://dataverse.nl/file.xhtml?fileId=251487&version=1.0,mp2rageme_025_inv2_te4.h5
https://dataverse.nl/file.xhtml?fileId=251503&version=1.0,mp2rageme_026_inv1_te1.h5
https://dataverse.nl/file.xhtml?fileId=251493&version=1.0,mp2rageme_026_inv2_te1.h5
https://dataverse.nl/file.xhtml?fileId=251495&version=1.0,mp2rageme_026_inv2_te2.h5
https://dataverse.nl/file.xhtml?fileId=251498&version=1.0,mp2rageme_026_inv2_te3.h5
https://dataverse.nl/file.xhtml?fileId=251501&version=1.0,mp2rageme_026_inv2_te4.h5
https://dataverse.nl/file.xhtml?fileId=251517&version=1.0,mp2rageme_027_inv1_te1.h5
https://dataverse.nl/file.xhtml?fileId=251506&version=1.0,mp2rageme_027_inv2_te1.h5
https://dataverse.nl/file.xhtml?fileId=251509&version=1.0,mp2rageme_027_inv2_te2.h5
https://dataverse.nl/file.xhtml?fileId=251512&version=1.0,mp2rageme_027_inv2_te3.h5
https://dataverse.nl/file.xhtml?fileId=251514&version=1.0,mp2rageme_027_inv2_te4.h5
https://dataverse.nl/file.xhtml?fileId=251530&version=1.0,mp2rageme_028_inv1_te1.h5
https://dataverse.nl/file.xhtml?fileId=251520&version=1.0,mp2rageme_028_inv2_te1.h5
https://dataverse.nl/file.xhtml?fileId=251522&version=1.0,mp2rageme_028_inv2_te2.h5
https://dataverse.nl/file.xhtml?fileId=251525&version=1.0,mp2rageme_028_inv2_te3.h5
https://dataverse.nl/file.xhtml?fileId=251528&version=1.0,mp2rageme_028_inv2_te4.h5
https://dataverse.nl/file.xhtml?fileId=251545&version=1.0,mp2rageme_029_inv1_te1.h5
https://dataverse.nl/file.xhtml?fileId=251533&version=1.0,mp2rageme_029_inv2_te1.h5
https://dataverse.nl/file.xhtml?fileId=251536&version=1.0,mp2rageme_029_inv2_te2.h5
https://dataverse.nl/file.xhtml?fileId=251539&version=1.0,mp2rageme_029_inv2_te3.h5
https://dataverse.nl/file.xhtml?fileId=251543&version=1.0,mp2rageme_029_inv2_te4.h5
https://dataverse.nl/file.xhtml?fileId=251559&version=1.0,mp2rageme_030_inv1_te1.h5
https://dataverse.nl/file.xhtml?fileId=251548&version=1.0,mp2rageme_030_inv2_te1.h5
https://dataverse.nl/file.xhtml?fileId=251551&version=1.0,mp2rageme_030_inv2_te2.h5
https://dataverse.nl/file.xhtml?fileId=251554&version=1.0,mp2rageme_030_inv2_te3.h5
https://dataverse.nl/file.xhtml?fileId=251556&version=1.0,mp2rageme_030_inv2_te4.h5
https://dataverse.nl/file.xhtml?fileId=251572&version=1.0,mp2rageme_031_inv1_te1.h5
https://dataverse.nl/file.xhtml?fileId=251562&version=1.0,mp2rageme_031_inv2_te1.h5
https://dataverse.nl/file.xhtml?fileId=251564&version=1.0,mp2rageme_031_inv2_te2.h5
https://dataverse.nl/file.xhtml?fileId=251567&version=1.0,mp2rageme_031_inv2_te3.h5
https://dataverse.nl/file.xhtml?fileId=251570&version=1.0,mp2rageme_031_inv2_te4.h5
https://dataverse.nl/file.xhtml?fileId=251586&version=1.0,mp2rageme_032_inv1_te1.h5
https://dataverse.nl/file.xhtml?fileId=251575&version=1.0,mp2rageme_032_inv2_te1.h5
https://dataverse.nl/file.xhtml?fileId=251578&version=1.0,mp2rageme_032_inv2_te2.h5
https://dataverse.nl/file.xhtml?fileId=251581&version=1.0,mp2rageme_032_inv2_te3.h5
https://dataverse.nl/file.xhtml?fileId=251583&version=1.0,mp2rageme_032_inv2_te4.h5
https://dataverse.nl/file.xhtml?fileId=251600&version=1.0,mp2rageme_033_inv1_te1.h5
https://dataverse.nl/file.xhtml?fileId=251589&version=1.0,mp2rageme_033_inv2_te1.h5
https://dataverse.nl/file.xhtml?fileId=251592&version=1.0,mp2rageme_033_inv2_te2.h5
https://dataverse.nl/file.xhtml?fileId=251594&version=1.0,mp2rageme_033_inv2_te3.h5
https://dataverse.nl/file.xhtml?fileId=251597&version=1.0,mp2rageme_033_inv2_te4.h5
https://dataverse.nl/file.xhtml?fileId=251614&version=1.0,mp2rageme_034_inv1_te1.h5
https://dataverse.nl/file.xhtml?fileId=251602&version=1.0,mp2rageme_034_inv2_te1.h5
https://dataverse.nl/file.xhtml?fileId=251605&version=1.0,mp2rageme_034_inv2_te2.h5
https://dataverse.nl/file.xhtml?fileId=251608&version=1.0,mp2rageme_034_inv2_te3.h5
https://dataverse.nl/file.xhtml?fileId=251611&version=1.0,mp2rageme_034_inv2_te4.h5
https://dataverse.nl/file.xhtml?fileId=251627&version=1.0,mp2rageme_035_inv1_te1.h5
https://dataverse.nl/file.xhtml?fileId=251616&version=1.0,mp2rageme_035_inv2_te1.h5
https://dataverse.nl/file.xhtml?fileId=251619&version=1.0,mp2rageme_035_inv2_te2.h5
https://dataverse.nl/file.xhtml?fileId=251622&version=1.0,mp2rageme_035_inv2_te3.h5
https://dataverse.nl/file.xhtml?fileId=251625&version=1.0,mp2rageme_035_inv2_te4.h5
https://dataverse.nl/file.xhtml?fileId=251641&version=1.0,mp2rageme_036_inv1_te1.h5
https://dataverse.nl/file.xhtml?fileId=251630&version=1.0,mp2rageme_036_inv2_te1.h5
https://dataverse.nl/file.xhtml?fileId=251633&version=1.0,mp2rageme_036_inv2_te2.h5
https://dataverse.nl/file.xhtml?fileId=251635&version=1.0,mp2rageme_036_inv2_te3.h5
https://dataverse.nl/file.xhtml?fileId=251638&version=1.0,mp2rageme_036_inv2_te4.h5
https://dataverse.nl/file.xhtml?fileId=251654&version=1.0,mp2rageme_037_inv1_te1.h5
https://dataverse.nl/file.xhtml?fileId=251644&version=1.0,mp2rageme_037_inv2_te1.h5
https://dataverse.nl/file.xhtml?fileId=251646&version=1.0,mp2rageme_037_inv2_te2.h5
https://dataverse.nl/file.xhtml?fileId=251649&version=1.0,mp2rageme_037_inv2_te3.h5
https://dataverse.nl/file.xhtml?fileId=251652&version=1.0,mp2rageme_037_inv2_te4.h5
https://dataverse.nl/file.xhtml?fileId=251668&version=1.0,mp2rageme_038_inv1_te1.h5
https://dataverse.nl/file.xhtml?fileId=251657&version=1.0,mp2rageme_038_inv2_te1.h5
https://dataverse.nl/file.xhtml?fileId=251660&version=1.0,mp2rageme_038_inv2_te2.h5
https://dataverse.nl/file.xhtml?fileId=251662&version=1.0,mp2rageme_038_inv2_te3.h5
https://dataverse.nl/file.xhtml?fileId=251665&version=1.0,mp2rageme_038_inv2_te4.h5
https://dataverse.nl/file.xhtml?fileId=251681&version=1.0,mp2rageme_039_inv1_te1.h5
https://dataverse.nl/file.xhtml?fileId=251671&version=1.0,mp2rageme_039_inv2_te1.h5
https://dataverse.nl/file.xhtml?fileId=251673&version=1.0,mp2rageme_039_inv2_te2.h5
https://dataverse.nl/file.xhtml?fileId=251676&version=1.0,mp2rageme_039_inv2_te3.h5
https://dataverse.nl/file.xhtml?fileId=251679&version=1.0,mp2rageme_039_inv2_te4.h5
https://dataverse.nl/file.xhtml?fileId=251695&version=1.0,mp2rageme_040_inv1_te1.h5
https://dataverse.nl/file.xhtml?fileId=251684&version=1.0,mp2rageme_040_inv2_te1.h5
https://dataverse.nl/file.xhtml?fileId=251687&version=1.0,mp2rageme_040_inv2_te2.h5
https://dataverse.nl/file.xhtml?fileId=251689&version=1.0,mp2rageme_040_inv2_te3.h5
https://dataverse.nl/file.xhtml?fileId=251692&version=1.0,mp2rageme_040_inv2_te4.h5
https://dataverse.nl/file.xhtml?fileId=251708&version=1.0,mp2rageme_041_inv1_te1.h5
https://dataverse.nl/file.xhtml?fileId=251698&version=1.0,mp2rageme_041_inv2_te1.h5
https://dataverse.nl/file.xhtml?fileId=251700&version=1.0,mp2rageme_041_inv2_te2.h5
https://dataverse.nl/file.xhtml?fileId=251703&version=1.0,mp2rageme_041_inv2_te3.h5
https://dataverse.nl/file.xhtml?fileId=251706&version=1.0,mp2rageme_041_inv2_te4.h5
https://dataverse.nl/file.xhtml?fileId=251722&version=1.0,mp2rageme_042_inv1_te1.h5
https://dataverse.nl/file.xhtml?fileId=251711&version=1.0,mp2rageme_042_inv2_te1.h5
https://dataverse.nl/file.xhtml?fileId=251714&version=1.0,mp2rageme_042_inv2_te2.h5
https://dataverse.nl/file.xhtml?fileId=251716&version=1.0,mp2rageme_042_inv2_te3.h5
https://dataverse.nl/file.xhtml?fileId=251719&version=1.0,mp2rageme_042_inv2_te4.h5
https://dataverse.nl/file.xhtml?fileId=251735&version=1.0,mp2rageme_043_inv1_te1.h5
https://dataverse.nl/file.xhtml?fileId=251725&version=1.0,mp2rageme_043_inv2_te1.h5
https://dataverse.nl/file.xhtml?fileId=251727&version=1.0,mp2rageme_043_inv2_te2.h5
https://dataverse.nl/file.xhtml?fileId=251730&version=1.0,mp2rageme_043_inv2_te3.h5
https://dataverse.nl/file.xhtml?fileId=251733&version=1.0,mp2rageme_043_inv2_te4.h5
https://dataverse.nl/file.xhtml?fileId=251746&version=1.0,mp2rageme_044_inv1_te1.h5
https://dataverse.nl/file.xhtml?fileId=251738&version=1.0,mp2rageme_044_inv2_te1.h5
https://dataverse.nl/file.xhtml?fileId=251741&version=1.0,mp2rageme_044_inv2_te2.h5
https://dataverse.nl/file.xhtml?fileId=251743&version=1.0,mp2rageme_044_inv2_te3.h5
https://dataverse.nl/file.xhtml?fileId=251749&version=1.0,mp2rageme_044_inv2_te4.h5
https://dataverse.nl/file.xhtml?fileId=251762&version=1.0,mp2rageme_045_inv1_te1.h5
https://dataverse.nl/file.xhtml?fileId=251751&version=1.0,mp2rageme_045_inv2_te1.h5
https://dataverse.nl/file.xhtml?fileId=251754&version=1.0,mp2rageme_045_inv2_te2.h5
https://dataverse.nl/file.xhtml?fileId=251757&version=1.0,mp2rageme_045_inv2_te3.h5
https://dataverse.nl/file.xhtml?fileId=251760&version=1.0,mp2rageme_045_inv2_te4.h5
https://dataverse.nl/file.xhtml?fileId=251776&version=1.0,mp2rageme_046_inv1_te1.h5
https://dataverse.nl/file.xhtml?fileId=251765&version=1.0,mp2rageme_046_inv2_te1.h5
https://dataverse.nl/file.xhtml?fileId=251768&version=1.0,mp2rageme_046_inv2_te2.h5
https://dataverse.nl/file.xhtml?fileId=251770&version=1.0,mp2rageme_046_inv2_te3.h5
https://dataverse.nl/file.xhtml?fileId=251773&version=1.0,mp2rageme_046_inv2_te4.h5
https://dataverse.nl/file.xhtml?fileId=251789&version=1.0,mp2rageme_047_inv1_te1.h5
https://dataverse.nl/file.xhtml?fileId=251778&version=1.0,mp2rageme_047_inv2_te1.h5
https://dataverse.nl/file.xhtml?fileId=251781&version=1.0,mp2rageme_047_inv2_te2.h5
https://dataverse.nl/file.xhtml?fileId=251784&version=1.0,mp2rageme_047_inv2_te3.h5
https://dataverse.nl/file.xhtml?fileId=251787&version=1.0,mp2rageme_047_inv2_te4.h5
https://dataverse.nl/file.xhtml?fileId=251803&version=1.0,mp2rageme_048_inv1_te1.h5
https://dataverse.nl/file.xhtml?fileId=251792&version=1.0,mp2rageme_048_inv2_te1.h5
https://dataverse.nl/file.xhtml?fileId=251795&version=1.0,mp2rageme_048_inv2_te2.h5
https://dataverse.nl/file.xhtml?fileId=251797&version=1.0,mp2rageme_048_inv2_te3.h5
https://dataverse.nl/file.xhtml?fileId=251800&version=1.0,mp2rageme_048_inv2_te4.h5
https://dataverse.nl/file.xhtml?fileId=251816&version=1.0,mp2rageme_049_inv1_te1.h5
https://dataverse.nl/file.xhtml?fileId=251805&version=1.0,mp2rageme_049_inv2_te1.h5
https://dataverse.nl/file.xhtml?fileId=251808&version=1.0,mp2rageme_049_inv2_te2.h5
https://dataverse.nl/file.xhtml?fileId=251811&version=1.0,mp2rageme_049_inv2_te3.h5
https://dataverse.nl/file.xhtml?fileId=251814&version=1.0,mp2rageme_049_inv2_te4.h5
https://dataverse.nl/file.xhtml?fileId=251830&version=1.0,mp2rageme_050_inv1_te1.h5
https://dataverse.nl/file.xhtml?fileId=251819&version=1.0,mp2rageme_050_inv2_te1.h5
https://dataverse.nl/file.xhtml?fileId=251822&version=1.0,mp2rageme_050_inv2_te2.h5
https://dataverse.nl/file.xhtml?fileId=251824&version=1.0,mp2rageme_050_inv2_te3.h5
https://dataverse.nl/file.xhtml?fileId=251827&version=1.0,mp2rageme_050_inv2_te4.h5
https://dataverse.nl/file.xhtml?fileId=251843&version=1.0,mp2rageme_051_inv1_te1.h5
https://dataverse.nl/file.xhtml?fileId=251832&version=1.0,mp2rageme_051_inv2_te1.h5
https://dataverse.nl/file.xhtml?fileId=251835&version=1.0,mp2rageme_051_inv2_te2.h5
https://dataverse.nl/file.xhtml?fileId=251838&version=1.0,mp2rageme_051_inv2_te3.h5
https://dataverse.nl/file.xhtml?fileId=251841&version=1.0,mp2rageme_051_inv2_te4.h5
https://dataverse.nl/file.xhtml?fileId=251857&version=1.0,mp2rageme_052_inv1_te1.h5
https://dataverse.nl/file.xhtml?fileId=251846&version=1.0,mp2rageme_052_inv2_te1.h5
https://dataverse.nl/file.xhtml?fileId=251849&version=1.0,mp2rageme_052_inv2_te2.h5
https://dataverse.nl/file.xhtml?fileId=251851&version=1.0,mp2rageme_052_inv2_te3.h5
https://dataverse.nl/file.xhtml?fileId=251854&version=1.0,mp2rageme_052_inv2_te4.h5
https://dataverse.nl/file.xhtml?fileId=251870&version=1.0,mp2rageme_053_inv1_te1.h5
https://dataverse.nl/file.xhtml?fileId=251859&version=1.0,mp2rageme_053_inv2_te1.h5
https://dataverse.nl/file.xhtml?fileId=251862&version=1.0,mp2rageme_053_inv2_te2.h5
https://dataverse.nl/file.xhtml?fileId=251865&version=1.0,mp2rageme_053_inv2_te3.h5
https://dataverse.nl/file.xhtml?fileId=251868&version=1.0,mp2rageme_053_inv2_te4.h5
https://dataverse.nl/file.xhtml?fileId=251884&version=1.0,mp2rageme_054_inv1_te1.h5
https://dataverse.nl/file.xhtml?fileId=251873&version=1.0,mp2rageme_054_inv2_te1.h5
https://dataverse.nl/file.xhtml?fileId=251876&version=1.0,mp2rageme_054_inv2_te2.h5
https://dataverse.nl/file.xhtml?fileId=251878&version=1.0,mp2rageme_054_inv2_te3.h5
https://dataverse.nl/file.xhtml?fileId=251881&version=1.0,mp2rageme_054_inv2_te4.h5
https://dataverse.nl/file.xhtml?fileId=251898&version=1.0,mp2rageme_055_inv1_te1.h5
https://dataverse.nl/file.xhtml?fileId=251887&version=1.0,mp2rageme_055_inv2_te1.h5
https://dataverse.nl/file.xhtml?fileId=251889&version=1.0,mp2rageme_055_inv2_te2.h5
https://dataverse.nl/file.xhtml?fileId=251892&version=1.0,mp2rageme_055_inv2_te3.h5
https://dataverse.nl/file.xhtml?fileId=251895&version=1.0,mp2rageme_055_inv2_te4.h5
https://dataverse.nl/file.xhtml?fileId=251912&version=1.0,mp2rageme_056_inv1_te1.h5
https://dataverse.nl/file.xhtml?fileId=251901&version=1.0,mp2rageme_056_inv2_te1.h5
https://dataverse.nl/file.xhtml?fileId=251903&version=1.0,mp2rageme_056_inv2_te2.h5
https://dataverse.nl/file.xhtml?fileId=251906&version=1.0,mp2rageme_056_inv2_te3.h5
https://dataverse.nl/file.xhtml?fileId=251909&version=1.0,mp2rageme_056_inv2_te4.h5
https://dataverse.nl/file.xhtml?fileId=251926&version=1.0,mp2rageme_057_inv1_te1.h5
https://dataverse.nl/file.xhtml?fileId=251915&version=1.0,mp2rageme_057_inv2_te1.h5
https://dataverse.nl/file.xhtml?fileId=251917&version=1.0,mp2rageme_057_inv2_te2.h5
https://dataverse.nl/file.xhtml?fileId=251920&version=1.0,mp2rageme_057_inv2_te3.h5
https://dataverse.nl/file.xhtml?fileId=251923&version=1.0,mp2rageme_057_inv2_te4.h5
https://dataverse.nl/file.xhtml?fileId=251940&version=1.0,mp2rageme_058_inv1_te1.h5
https://dataverse.nl/file.xhtml?fileId=251929&version=1.0,mp2rageme_058_inv2_te1.h5
https://dataverse.nl/file.xhtml?fileId=251931&version=1.0,mp2rageme_058_inv2_te2.h5
https://dataverse.nl/file.xhtml?fileId=251934&version=1.0,mp2rageme_058_inv2_te3.h5
https://dataverse.nl/file.xhtml?fileId=251937&version=1.0,mp2rageme_058_inv2_te4.h5
https://dataverse.nl/file.xhtml?fileId=251953&version=1.0,mp2rageme_059_inv1_te1.h5
https://dataverse.nl/file.xhtml?fileId=251942&version=1.0,mp2rageme_059_inv2_te1.h5
https://dataverse.nl/file.xhtml?fileId=251945&version=1.0,mp2rageme_059_inv2_te2.h5
https://dataverse.nl/file.xhtml?fileId=251948&version=1.0,mp2rageme_059_inv2_te3.h5
https://dataverse.nl/file.xhtml?fileId=251950&version=1.0,mp2rageme_059_inv2_te4.h5
https://dataverse.nl/file.xhtml?fileId=251967&version=1.0,mp2rageme_060_inv1_te1.h5
https://dataverse.nl/file.xhtml?fileId=251956&version=1.0,mp2rageme_060_inv2_te1.h5
https://dataverse.nl/file.xhtml?fileId=251959&version=1.0,mp2rageme_060_inv2_te2.h5
https://dataverse.nl/file.xhtml?fileId=251961&version=1.0,mp2rageme_060_inv2_te3.h5
https://dataverse.nl/file.xhtml?fileId=251964&version=1.0,mp2rageme_060_inv2_te4.h5
https://dataverse.nl/file.xhtml?fileId=251980&version=1.0,mp2rageme_061_inv1_te1.h5
https://dataverse.nl/file.xhtml?fileId=251969&version=1.0,mp2rageme_061_inv2_te1.h5
https://dataverse.nl/file.xhtml?fileId=251972&version=1.0,mp2rageme_061_inv2_te2.h5
https://dataverse.nl/file.xhtml?fileId=251975&version=1.0,mp2rageme_061_inv2_te3.h5
https://dataverse.nl/file.xhtml?fileId=251977&version=1.0,mp2rageme_061_inv2_te4.h5
https://dataverse.nl/file.xhtml?fileId=251993&version=1.0,mp2rageme_062_inv1_te1.h5
https://dataverse.nl/file.xhtml?fileId=251983&version=1.0,mp2rageme_062_inv2_te1.h5
https://dataverse.nl/file.xhtml?fileId=251985&version=1.0,mp2rageme_062_inv2_te2.h5
https://dataverse.nl/file.xhtml?fileId=251988&version=1.0,mp2rageme_062_inv2_te3.h5
https://dataverse.nl/file.xhtml?fileId=251991&version=1.0,mp2rageme_062_inv2_te4.h5
https://dataverse.nl/file.xhtml?fileId=252005&version=1.0,mp2rageme_063_inv1_te1.h5
https://dataverse.nl/file.xhtml?fileId=251996&version=1.0,mp2rageme_063_inv2_te1.h5
https://dataverse.nl/file.xhtml?fileId=251998&version=1.0,mp2rageme_063_inv2_te2.h5
https://dataverse.nl/file.xhtml?fileId=252001&version=1.0,mp2rageme_063_inv2_te3.h5
https://dataverse.nl/file.xhtml?fileId=252003&version=1.0,mp2rageme_063_inv2_te4.h5
https://dataverse.nl/file.xhtml?fileId=252015&version=1.0,mp2rageme_064_inv1_te1.h5
https://dataverse.nl/file.xhtml?fileId=252008&version=1.0,mp2rageme_064_inv2_te1.h5
https://dataverse.nl/file.xhtml?fileId=252010&version=1.0,mp2rageme_064_inv2_te2.h5
https://dataverse.nl/file.xhtml?fileId=252018&version=1.0,mp2rageme_064_inv2_te3.h5
https://dataverse.nl/file.xhtml?fileId=252013&version=1.0,mp2rageme_064_inv2_te4.h5
https://dataverse.nl/file.xhtml?fileId=252030&version=1.0,mp2rageme_065_inv1_te1.h5
https://dataverse.nl/file.xhtml?fileId=252020&version=1.0,mp2rageme_065_inv2_te1.h5
https://dataverse.nl/file.xhtml?fileId=252023&version=1.0,mp2rageme_065_inv2_te2.h5
https://dataverse.nl/file.xhtml?fileId=252025&version=1.0,mp2rageme_065_inv2_te3.h5
https://dataverse.nl/file.xhtml?fileId=252028&version=1.0,mp2rageme_065_inv2_te4.h5
https://dataverse.nl/file.xhtml?fileId=252043&version=1.0,mp2rageme_066_inv1_te1.h5
https://dataverse.nl/file.xhtml?fileId=252033&version=1.0,mp2rageme_066_inv2_te1.h5
https://dataverse.nl/file.xhtml?fileId=252035&version=1.0,mp2rageme_066_inv2_te2.h5
https://dataverse.nl/file.xhtml?fileId=252038&version=1.0,mp2rageme_066_inv2_te3.h5
https://dataverse.nl/file.xhtml?fileId=252041&version=1.0,mp2rageme_066_inv2_te4.h5
https://dataverse.nl/file.xhtml?fileId=252056&version=1.0,mp2rageme_067_inv1_te1.h5
https://dataverse.nl/file.xhtml?fileId=252046&version=1.0,mp2rageme_067_inv2_te1.h5
https://dataverse.nl/file.xhtml?fileId=252048&version=1.0,mp2rageme_067_inv2_te2.h5
https://dataverse.nl/file.xhtml?fileId=252051&version=1.0,mp2rageme_067_inv2_te3.h5
https://dataverse.nl/file.xhtml?fileId=252053&version=1.0,mp2rageme_067_inv2_te4.h5
https://dataverse.nl/file.xhtml?fileId=252069&version=1.0,mp2rageme_068_inv1_te1.h5
https://dataverse.nl/file.xhtml?fileId=252058&version=1.0,mp2rageme_068_inv2_te1.h5
https://dataverse.nl/file.xhtml?fileId=252061&version=1.0,mp2rageme_068_inv2_te2.h5
https://dataverse.nl/file.xhtml?fileId=252064&version=1.0,mp2rageme_068_inv2_te3.h5
https://dataverse.nl/file.xhtml?fileId=252066&version=1.0,mp2rageme_068_inv2_te4.h5
https://dataverse.nl/file.xhtml?fileId=252082&version=1.0,mp2rageme_069_inv1_te1.h5
https://dataverse.nl/file.xhtml?fileId=252071&version=1.0,mp2rageme_069_inv2_te1.h5
https://dataverse.nl/file.xhtml?fileId=252074&version=1.0,mp2rageme_069_inv2_te2.h5
https://dataverse.nl/file.xhtml?fileId=252076&version=1.0,mp2rageme_069_inv2_te3.h5
https://dataverse.nl/file.xhtml?fileId=252079&version=1.0,mp2rageme_069_inv2_te4.h5
https://dataverse.nl/file.xhtml?fileId=252095&version=1.0,mp2rageme_070_inv1_te1.h5
https://dataverse.nl/file.xhtml?fileId=252085&version=1.0,mp2rageme_070_inv2_te1.h5
https://dataverse.nl/file.xhtml?fileId=252087&version=1.0,mp2rageme_070_inv2_te2.h5
https://dataverse.nl/file.xhtml?fileId=252090&version=1.0,mp2rageme_070_inv2_te3.h5
https://dataverse.nl/file.xhtml?fileId=252093&version=1.0,mp2rageme_070_inv2_te4.h5
https://dataverse.nl/file.xhtml?fileId=252109&version=1.0,mp2rageme_071_inv1_te1.h5
https://dataverse.nl/file.xhtml?fileId=252098&version=1.0,mp2rageme_071_inv2_te1.h5
https://dataverse.nl/file.xhtml?fileId=252101&version=1.0,mp2rageme_071_inv2_te2.h5
https://dataverse.nl/file.xhtml?fileId=252104&version=1.0,mp2rageme_071_inv2_te3.h5
https://dataverse.nl/file.xhtml?fileId=252106&version=1.0,mp2rageme_071_inv2_te4.h5
https://dataverse.nl/file.xhtml?fileId=252123&version=1.0,mp2rageme_072_inv1_te1.h5
https://dataverse.nl/file.xhtml?fileId=252112&version=1.0,mp2rageme_072_inv2_te1.h5
https://dataverse.nl/file.xhtml?fileId=252115&version=1.0,mp2rageme_072_inv2_te2.h5
https://dataverse.nl/file.xhtml?fileId=252117&version=1.0,mp2rageme_072_inv2_te3.h5
https://dataverse.nl/file.xhtml?fileId=252120&version=1.0,mp2rageme_072_inv2_te4.h5
https://dataverse.nl/file.xhtml?fileId=252136&version=1.0,mp2rageme_073_inv1_te1.h5
https://dataverse.nl/file.xhtml?fileId=252126&version=1.0,mp2rageme_073_inv2_te1.h5
https://dataverse.nl/file.xhtml?fileId=252128&version=1.0,mp2rageme_073_inv2_te2.h5
https://dataverse.nl/file.xhtml?fileId=252131&version=1.0,mp2rageme_073_inv2_te3.h5
https://dataverse.nl/file.xhtml?fileId=252134&version=1.0,mp2rageme_073_inv2_te4.h5
https://dataverse.nl/file.xhtml?fileId=252150&version=1.0,mp2rageme_074_inv1_te1.h5
https://dataverse.nl/file.xhtml?fileId=252139&version=1.0,mp2rageme_074_inv2_te1.h5
https://dataverse.nl/file.xhtml?fileId=252142&version=1.0,mp2rageme_074_inv2_te2.h5
https://dataverse.nl/file.xhtml?fileId=252144&version=1.0,mp2rageme_074_inv2_te3.h5
https://dataverse.nl/file.xhtml?fileId=252147&version=1.0,mp2rageme_074_inv2_te4.h5
https://dataverse.nl/file.xhtml?fileId=252163&version=1.0,mp2rageme_075_inv1_te1.h5
https://dataverse.nl/file.xhtml?fileId=252152&version=1.0,mp2rageme_075_inv2_te1.h5
https://dataverse.nl/file.xhtml?fileId=252155&version=1.0,mp2rageme_075_inv2_te2.h5
https://dataverse.nl/file.xhtml?fileId=252158&version=1.0,mp2rageme_075_inv2_te3.h5
https://dataverse.nl/file.xhtml?fileId=252160&version=1.0,mp2rageme_075_inv2_te4.h5
https://dataverse.nl/file.xhtml?fileId=252177&version=1.0,mp2rageme_076_inv1_te1.h5
https://dataverse.nl/file.xhtml?fileId=252166&version=1.0,mp2rageme_076_inv2_te1.h5
https://dataverse.nl/file.xhtml?fileId=252169&version=1.0,mp2rageme_076_inv2_te2.h5
https://dataverse.nl/file.xhtml?fileId=252171&version=1.0,mp2rageme_076_inv2_te3.h5
https://dataverse.nl/file.xhtml?fileId=252174&version=1.0,mp2rageme_076_inv2_te4.h5
https://dataverse.nl/file.xhtml?fileId=252190&version=1.0,mp2rageme_077_inv1_te1.h5
https://dataverse.nl/file.xhtml?fileId=252179&version=1.0,mp2rageme_077_inv2_te1.h5
https://dataverse.nl/file.xhtml?fileId=252182&version=1.0,mp2rageme_077_inv2_te2.h5
https://dataverse.nl/file.xhtml?fileId=252185&version=1.0,mp2rageme_077_inv2_te3.h5
https://dataverse.nl/file.xhtml?fileId=252187&version=1.0,mp2rageme_077_inv2_te4.h5
